-415879653
-818375319
1136408641
1513833161
1884390027
1447549089
-714364981
833979881
-414116763
1892617029
968389750
1414393585
-626627685
1237837098
-1001033933
-972238481
864457459
-1318705524
1971417546
-475137757
-681860362
-541864402
1666731268
1335212851
-1630029474
808541785
-667319445
1964362965
1202129365
-1984699817
1676357128
161875204
-1695387777
1394360996
-1748964439
989652460
1074187315
-371396831
1914863136
-2058783080
2056085479
-476438212
1229775837
507428455
-1568068251
1330990097
813982829
187149677
-1786913969
218222069
-152339541
-2100268262
-227568151
1177435230
482962839
178350825
1630955456
608726344
1764173485
354969335
-1552742492
1934555953
1435799602
1709846056
453875539
381959607
-783655213
964018587
451193984
-1040468029
999357427
-1173805423
-1706625302
579668379
-12138105
1845896712
1297129571
-1447616166
1155324061
1729698014
1605528690
-1968511132
1786725789
-1321224717
-230200936
-2063211004
-368830107
-1222709661
-1083534346
1856052911
-897962989
-1418667845
1428194893
-633820652
18391301
334752530
1628181902
-1130624580
1908217201
1311377093
380229643
-344400605
1323433501
-391949555
858515825
297977079
1694688339
1148527168
-45669494
1154826712
-1825222584
-558823719
1556858296
-1222603846
1987911971
-298930367
-988014113
765244621
-777772136
-422102263
667352164
-1762671755
-970295642
-1421270406
-935140943
-736162322
1525814292
111082374
-1459496931
1076759439
562252552
385067029
2033705310
1557194211
2142331580
-1349767087
-1419709397
671772100
-521577586
991958184
-1791647127
-1732898355
-1529221272
-2135153693
-1000567833
1874023093
1855007029
1353345715
1125240601
-505737451
-99112279
1094150599
1700973877
-85929739
368779143
-1595053548
-1909243977
-1777480569
-372850208
705216882
-1704063891
-1647390403
1440128960
1041145331
-1391617834
409706093
739900536
515192665
1096224587
-1007295966
990745912
1225071647
570039297
-1426012256
-689138626
754255449
-604245525
833358685
1397990565
-449459897
-1184427072
-1180558171
1469002822
-603177547
302297997
-1358229833
1634562313
467020680
-850880752
1435769109
1604689024
-52713561
-1120671061
-1943534016
824777449
-609943375
1871790992
-1657450839
-1071965332
-1575477166
-313747612
-476972747
-570426086
-1592589338
-940013049
1185189377
2063433474
1791920162
353067247
-2033319688
1090401380
-1604401609
-653416422
-893408978
-958229953
2019521746
-1452246851
-659264455
580118305
-1689474847
-1688541976
-927815346
613855085
418464431
-2075952598
1069079818
-846029404
-733725319
1947536853
-228682816
816283995
710050393
1824404053
-1672756497
288227
-87625284
-1761602084
-134527184
1652579049
-911717543
1598507123
-29313267
-202564799
327769207
-1061373525
762147679
-636127787
1737736302
-598772411
1858966608
270184633
-592770711
-469501681
461498816
1458135040
-1394589249
2027835352
-1514254143
625743071
-1195597926
-494189567
-1381994368
699767591
1834173151
1014853083
354306163
-1855171051
1600596300
555073261
-140283227
-530177860
1066204025
-1158526581
-555224126
-496644971
-769880550
-532136871
2140349818
1434277408
-107706497
-572090684
1542470690
-1587504781
1458584979
-1367627098
934244439
-924965895
-2134380585
-1051832377
564481167
628599936
-1645977980
667466077
1679822424
1250090351
-133694708
2093332279
-1530832171
1697132371
-1777865856
1446465701
1183787700
679906579
-137800849
-1269551546
1789549162
-708334636
985388604
-1725465563
1496525207
1111558024
-1583645047
602554731
-1683212821
1392179768
1741896921
-223475257
-293160944
593954215
-267904392
1730069701
-934720614
-854522591
-1022630240
704982716
400905005
62235201
-1952311066
-1446134389
983665068
831533729
422575955
97573493
127149439
-445028579
-58440638
1149273079
-449526288
678450106
-1687298244
1837189543
2141104735
636808918
-667346932
544218002
422635432
-380976754
2114056341
-1230729379
268254947
-1146271521
576930533
760479741
423155511
1290992285
1722729553
520422995
929453944
649428253
446271520
-1992998447
1587720396
-81540783
-1334580348
1130983541
519443279
-743722335
1821451747
1228527179
-2099255492
674438497
1591255843
2077226951
1205782574
-97975348
-1190349956
-1946338641
1989385085
-2123261839
106455994
-1456036381
-1322137455
-317467179
-1002121664
-440766545
-246058589
600065016
1113679361
-1111278714
561876586
141766627
-1546106539
-1793389137
-383653389
-911506621
-1073346708
-1859572109
2123289422
-1313016202
1026935482
-1765355298
-1093097361
-890435893
-1156331094
1079018489
426858665
637660403
-1047578185
-1877320889
1311591236
2026717933
196704736
-338310533
1048072675
-996552875
-296819972
-1582154490
1964841232
-2060915162
-1306014992
1446188247
641555728
-524856049
-823301089
644474231
-1933503095
1975351476
104538023
-1331965223
-787176583
386303573
1663101128
-1868332858
-182871362
-1973520855
-1534545346
-134323069
286752619
-2018821382
-27255923
-1275623199
1983227861
-2008916759
144084035
-834633208
277663425
1357429637
1087633641
1749012200
-1041078901
1050625160
-187278734
937652163
-1990316227
1556335478
-1576901165
1176075170
-702198573
1125969980
506485127
2017132167
-717322207
1087373827
-2020392267
-1756246493
1730496604
893072576
-248813659
1912246789
1542788462
696723101
54451450
2126923527
-843538052
1381209157
1845414973
-80342865
-548218368
-1553677077
1308730055
1718464162
-938055587
2014146675
1858989888
-1526733014
1465401205
-96853746
1755426126
-1671361229
-1835434016
-967343035
893213105
-1281410099
2127328390
1102513457
683104430
409779572
134109437
1478598799
690067622
1878729779
-1348584037
1631926997
-1496593873
1969221713
1730200881
-198973628
1292767180
-1182432165
1744152630
1644043195
-1597465231
-418276109
-1347370680
305740877
472379848
1323773750
-582675884
-540078439
-868316297
1603952645
-455399703
1170260899
729157575
-1027515010
-1671531001
436165249
-333863827
-1776271024
1943378307
2032550535
-1684377038
-1560779039
1389863477
-1541377875
-621102903
1088923734
1961673948
1500632259
-1273775768
1069099983
-33900460
-1396331299
1810088028
-307374185
-1075930640
-950367231
1824176364
1414376401
1851710139
-1716759241
-1845105468
-531656333
-815352340
-1972594786
620491209
268656971
-90172171
-204695873
1499319325
1505463693
430602915
-359028069
951334183
1087538088
1300778263
1018082899
1580346807
-2119675233
388966383
-771960411
-2028766493
-1934910130
-1937982742
-475488873
-968695327
2067467717
1325940611
-990928680
-1365901493
361956152
1101114319
2010809013
-653457130
214931235
-1816024537
1986262003
-823170855
-1026705729
1267446405
-751446482
850802505
-345325035
-708962013
-2030747965
-64446173
-641694359
28183325
1397927492
-1310931054
1940999571
130280043
-1396975213
-1566224067
1482682343
-302350403
-1837210171
-1485900968
443179551
1150419428
1723964792
-1825621077
-1786930779
-2054983264
-2085404965
-1839229651
2107739306
1436373739
-934470965
-225172739
-75045720
1124144065
1672647091
-279408782
-1118666215
-175343323
-844811527
1355578596
-662709404
-1568060576
-900605387
-2052233081
-1236266545
2057961364
-1045778387
-422937805
983408308
1449116415
-2070996954
-1215728531
-1977838489
2005126591
570975327
1676891813
1085219610
-33996616
594121215
-1722299789
-1185472805
-1782236106
-1884266031
985202660
-1197590136
-1259134195
-571829785
973044373
-1374101330
-350404745
-1214123767
-1732582380
1946852974
-332628352
-1310299511
-2104091009
340625961
1206509739
955689001
-1379166654
-432085850
-247820015
663163728
1452598523
1366182907
362214085
-513115063
-1971498784
-1639944039
-209420629
1684065331
-297951736
1332094931
-1807834222
267977360
1020476218
-1988822326
176009690
29823060
1083170738
88518486
1797103063
20743896
301608439
70771181
208924947
1234065313
-1452338417
1305502280
1094382587
1198821860
1748327333
-494786259
1881214151
555069605
-529746236
677565180
-331880746
-470765755
869645032
-975497813
660379215
-1331528205
-340091599
1490861449
550850667
1629067369
-891850605
-2081562430
-499126089
-1728985115
-1455982829
788086482
-2087262636
-1422268687
-1574200269
-1383890803
1457322676
1728975731
-361132902
451199559
-1196647646
1313140177
-890391700
-972159266
-894773129
-1093429656
2076629868
-1073161737
-717884520
136441035
-1737650137
78317658
-1737858495
-1995721515
848786664
-1982698504
973428380
-62501336
-1710690715
-883190687
152460065
-1383881363
1484955101
-1634602347
-257850125
975358094
-1109905979
-801025249
405363328
653856053
-427252742
-832636028
387815972
-1128990363
670030946
-1874785516
1311550360
-784776017
-132101754
-1631159737
2081425936
-1724755805
-768448082
333985541
68708279
1387400271
-856321234
-1855976686
1003580800
-846725955
-1964449954
1635886343
378946728
-1338131539
-1490752626
-1800541522
-121815468
844935200
-802261261
2091150733
944791230
-858532200
-172573856
2000182049
133322332
-1731321107
-1158709106
-238573773
477775247
-420674818
891656098
-154969954
1676114191
-175927455
1166220413
44974902
-112183442
1571428017
-24692851
1569226833
1322556703
2104824271
-1409852125
1435010833
1327017173
-1191876594
2129911676
1405314331
1118802210
193829694
-1641200209
962383279
-683616472
-1860193165
-1992895969
-1531861440
-1099692118
-962845176
1887990716
-1720515435
-12296262
1126299186
804389787
1578034787
635569845
-45897045
-1310402418
-1903132519
-296669326
543447012
220452055
545487453
-80665581
-124596009
-77713339
1582755605
1520714975
-1839530716
-1604572857
-1861251016
2114228740
915317313
-1192568183
104514636
-222785486
1174464659
179681927
1102558223
-595441201
1158470403
-1774372911
1393589973
-2023067163
2006080018
395917583
-545706077
-673240941
1697914737
-2030655885
1898311885
-380440874
960767310
-1164794416
1457501903
1621677581
360003528
1588525248
1600282920
-2125031848
-683915881
-454846482
-1225335233
1162510565
1247118717
-1404689901
1916895261
-1448744078
-862866218
1480623006
1297359517
-2062324420
2032250897
-364740747
1443828909
2008997895
449214182
2138939696
-1495409739
1455501981
1894118555
-1640677235
1746720691
-2080275696
719899727
-630905935
-448570802
343874176
1908615375
-1402975435
965877599
-1038984520
1256271498
-922999939
-1003064521
1129581262
-976937498
-1437642400
1635524179
-814653079
2092791219
815672070
1483583246
1358038478
-300929261
-1714838404
-596452487
-756748951
1416930077
-852119826
-62806648
1751675564
-1079077832
2116042312
-1420539062
-874329667
-61776911
230915302
1174923193
-694591334
1533904553
-2045161358
91251808
1598415977
-357786121
-579889085
-1889914184
-1654898478
-771916495
-1610552279
1032210025
-2078918712
-1515610705
-1520896716
-630730873
-935964177
280234293
1153815680
1697665324
1947889442
1953330012
-1102113930
276216233
1550229962
993197647
-883284967
1781130825
-1781630201
-820108751
1237905597
-920070358
-646353736
-897024337
646969123
-1356546921
-1594952858
784373255
-1694452042
1997634913
-2095272025
1412742653
-510389561
91603950
-407905120
1159066209
-928111619
488256936
-917198121
313951773
1333896512
1874519199
1695962296
1318242158
155499865
-1886423779
855754775
-1266971255
679085710
-768448581
-1776269056
-1641811601
346207815
-1978977657
1081649393
-1411285822
665441152
2102549895
-1479570167
-469045717
721781419
-1984168345
-2001101908
1903683068
-1763062757
1288942779
458371131
-930276334
683436981
-1938219645
1318094314
-2044864299
-1900286881
702587891
-1576511885
1570152479
292232906
-1776715705
-92236939
1074125253
-750301828
1518699743
-1902860760
-972660459
1314741556
973129677
1139129324
2033585653
1719290621
660583467
-1132026832
-1659321021
965758939
2050533067
1205453965
-1081629273
1852961961
-1711117182
-49374146
-818399328
-1534238919
990448766
1717568317
1055912558
-1506910184
169014959
-1501803976
-1080754326
1133203071
2143957847
58942913
-628966900
582979932
-353402258
1433726864
-744700143
-1125213526
774264763
1192628860
-1026070521
1371611632
-979736671
-199258625
-168482656
-1876011140
-745106608
447383928
-2079823760
366858678
1272852409
-1484945027
1636304605
548219232
-779270751
-1901728062
726753675
-242527756
-567051291
-553653031
-1868399634
1444158429
-680003488
1546272591
-1813627322
1248060315
1831713497
1990807288
1589968759
483483069
-2001947043
30642374
-444100557
-1397358776
145003607
1312423061
-926341427
-753670872
-469642999
956674599
1924249664
-1293145163
1753529623
915699486
-1825081577
-2048222939
1812084626
114427667
-32102027
-750149831
1569809025
-955244742
1164943229
-1252103176
1443296908
-887079321
992823657
1004828847
-1058022342
-1234462681
-1271825651
1703645927
-1126516997
-1680916078
-176228496
-1377514312
-1995114275
1615374376
-779751703
-1503603171
1517987324
2012419465
-528297802
-1205234015
166679917
-1371463050
2115663829
-1905108565
1746782956
850991863
-803909407
842381361
1743799891
-1381827857
-311036385
-1068638941
1443329007
-1533825711
277617895
-1190124397
1707398805
-143404216
1408416250
-144917330
784807673
-1641561278
2087482253
1774852123
-315020843
-47657116
-462182725
-2035047314
1612467295
1405752413
1173698157
735878809
835527893
1150760821
1015969461
-1710303468
226355481
-675303819
1209189482
1111674530
331868075
586271260
1554158032
1384396738
1345689992
1216519686
-693045309
-383940851
575433962
-548266559
-445163765
264895816
-1590707049
1841728892
-506492520
1419922747
-262475112
-1015912250
-1958511915
-468221433
616339441
2136036006
-1877309131
1951783318
-1348299623
540669091
447375357
22068076
1541754087
481631498
-2085791385
-132015063
-939614032
-1970787270
-66563869
-1292298685
2079371059
1290391392
416259187
1982383709
-1597804025
-1585850289
1461246787
482292071
1867219089
134061725
-388528481
1985380964
-1195760431
-713544533
1320389069
-817426744
1714572959
1027529430
1483314256
1830759879
1137854975
993997824
-2017277770
1585897901
-351236329
582564513
-944366537
1420609521
1625407630
-100755242
-1213816077
-296692566
-817685337
1831295199
-1127567416
-949624496
-569224447
234788949
-343060147
1130643103
-431241073
201153936
1272217991
375674171
-1576951384
-2061617787
567139523
753910453
2260289
-1287197603
-1269955888
-26582368
-359638064
-1381252248
-1920491665
-851454423
-1708605610
-795638647
1922560584
731845005
-1403976771
306201061
810012115
-1342761784
1560889048
-1787523072
-2138381078
1221183402
-1497328810
918891607
11990682
1058455547
1318944675
367625981
1806456565
717886232
638296403
-1002456336
-2134990719
1577635230
1119218833
-1126262385
-1889447791
1581006033
-903209466
2010437726
285600753
-276691893
-1198679685
528921913
-1127487571
518674527
-1269106934
557749502
833790469
-406445325
1216446514
1729033137
-2076420593
785381122
-1294227818
1590809751
-1608737167
-515835962
-506825411
-291459898
-1955460687
1918778573
-892557012
-1040370008
-627062598
2086395465
1112999025
213877389
-262895084
-1889800317
1874251299
1474197078
-1694577155
1134740259
1982474794
-384777947
-289725365
-303559797
1079704265
-1332928143
-1564976683
-150981383
846985497
-173521798
67643644
-271976333
-2018285768
-1214671341
846803887
-447731402
1157966572
234859954
1667715137
-381356051
-1268235899
-2043058922
-989616125
-657660565
-1035257148
1153987251
-1139967150
-1974771462
1817953444
529253439
-172739927
1374914036
-1779889739
-38503167
741182003
-2035244838
-1456683065
166251148
46672301
-932889641
1306638457
-1160397308
-291553711
-210514390
-19587626
787003684
1948634196
-482065507
-2074455695
-664151518
1185275975
669606253
-1001081320
467404250
547936060
-1049394765
-1134211092
-1284161166
-650975925
-1583308544
582915019
-1234344229
-1761009587
472491818
-744534420
-1265455545
1788186443
1174948651
1272189410
-501889997
-1952227571
399263215
764281147
-357893378
863560683
1631090034
609286694
-1888123365
1116181001
-293629807
-287114943
-25753064
875187160
1117731122
-650149617
2061514625
1731549981
333822907
928713681
2109339269
-879869895
-1685921761
1706066803
1585024453
-989318680
-994778857
992386777
-1164799556
-1531111923
-420571573
999715216
997898134
867741524
178356727
-1458646241
1363535283
1194216665
-1144251059
-432321817
1934266426
-161337947
-1041477679
-1484659501
1777014567
2053881286
799209723
-1481412539
-1012062927
1031494989
-1712046435
1009534941
-1101963123
2049007337
-1883852353
-1758469724
1826598913
2136392178
1240846184
1661046957
-711861249
228267422
958095757
1658650653
885488664
-577287357
-926715917
1988530079
117883268
306034940
-1561706004
-1216281981
-1932678690
-1937616689
-1351918542
762050577
1132641276
591902247
-1927790335
-491344497
-1551239352
-1285931180
237645700
1282642795
1005678523
980666547
1026755812
-496276667
822582456
34458851
246064220
-1284414639
1738834441
1728278357
366080849
1322583145
-641040729
-58070162
973181210
-1919281934
-1872336896
-467494417
2132314541
-245997399
1030577097
-2001104227
-535979514
1583390259
-47539256
1666734087
582236829
-1934895179
-1160591988
-1114074500
1911985169
-999231497
-15869139
-1233146315
-305796866
-328487141
749115400
334767658
-1054258323
1062908782
1556014560
-1142189279
364261536
-394387013
-1383267794
-258220723
706029345
150270679
1065586671
1000747037
-314902259
-369096160
-1817833042
-72026999
817511687
1775048967
1338485953
-886800501
1355929686
-1938895113
-348184669
1122151611
-656812340
-165799469
-408925982
-298653717
599527250
-727418787
-2073277429
-695892402
-1870858479
-421791029
283653599
1036077784
1046460394
-818197414
-492449304
-1585715043
-317458932
-1729099849
-1397535201
1128397586
1976878003
-2074135126
-1238309737
-572790011
-1152587383
1254817266
-1830326670
-1858792527
1718681109
1570253070
1760148082
1255439284
1866916608
-765629687
1926159408
896056491
58967228
1535616041
1523128752
-563475039
619238701
1211136435
1501370913
672842881
319177069
1833650823
121138428
688419131
1517617144
-758677497
2138921691
931466565
-543753723
122832220
-227293552
923725983
-1487291944
-1394255425
525564495
510651440
-2100156460
-1513648635
-762438125
-101609042
656444338
402249296
157715002
2003961476
2038848866
1409937103
-1380815565
1678232763
1329401237
-1522070084
-1402337761
-1715545522
-1535103433
122646065
332702087
89704726
-1201825645
1113847143
427870630
-2029509447
1583965237
86202373
43594450
-483519011
-557368204
2040932560
200848120
1724840121
1885720505
379810499
278395456
-810029747
-470257840
-788526921
-1019880883
1832214264
-375944053
-1082170725
-1602811138
-64068047
-2067671791
1226681451
1619127246
688015071
2047038446
-723866960
1794604768
1064434328
-2136388661
1829550336
-1012713328
793676007
-547119789
412279033
-1885495519
1267533821
1372335811
1256965137
-1146734251
714729839
-1603796712
-1218958713
636388153
-1395154671
1057325117
1904462807
-1235236946
1162935378
-1700326636
1360773659
1996224521
1853875431
-1242150899
2070624095
-804010112
987411520
-1306464252
-599018410
1557693065
1879376279
-874071163
1781484002
1331834632
-1303029333
